20	-4.324291719928501
20.290906698750476	-4.344947199603806
20.586044732869844	-4.365600397445096
20.885475648548283	-4.386247533032967
21.189261887185914	-4.406883148871047
21.49746679841394	-4.427500266636633
21.810154653305165	-4.448090553241975
22.12739065777668	-4.468644502572195
22.449240966187475	-4.489151639912756
22.77577269513385	-4.509600757080375
23.107053937445478	-4.529980187107754
23.44315377638505	-4.550278127979178
23.784142300054445	-4.570483025337755
24.130090616010463	-4.590584024243907
24.481070866093134	-4.61057149990849
24.837156241469714	-4.630437676792463
25.1984209978975	-4.650177344489467
25.56494047120865	-4.669788502729379
25.936791093020236	-4.689272268072048
26.3140504066728	-4.708632127518517
26.69679708340074	-4.727873185802272
27.08511093873791	-4.747001570515088
27.47907294916184	-4.766023927510598
27.878765268980047	-4.784947011823059
28.284271247461966	-4.8037774655896985
28.695675446220072	-4.822521729940104
29.11306365684382	-4.841186022611389
29.536522918790062	-4.859776364063889
29.966141537533712	-4.878298646665905
30.402009102982383	-4.896758741651684
30.844216508158908	-4.915162514631491
31.29285596815558	-4.933515404029273
31.74802103936409	-4.951822115943337
32.20980663898519	-4.970086699472709
32.67830906482211	-4.988312551710616
33.153626015361866	-5.006502295467856
33.63585661014871	-5.024657772247993
34.125101410453844	-5.042780231578955
34.62146244024586	-5.060870563526546
35.12504320746613	-5.078929512811721
35.635948725613716	-5.096957763088645
36.15428553564419	-5.114955792911333
36.68016172818701	-5.132923801092499
37.21368696608603	-5.150861840550894
37.754972507267915	-5.168769841578055
38.30413122794313	-5.186647426650911
38.86127764614443	-5.2044938548121
39.4265279456077	-5.222308176549506
40.000000000000206	-5.240089485963274
40.58181339750116	-5.257837271140383
41.1720894657399	-5.275551677356117
41.77095129709678	-5.29323333304328
42.37852377437204	-5.31088309243445
42.9949335968281	-5.328501920473606
43.62030930661056	-5.346090839019318
44.25478131555359	-5.363650984989839
44.89848193237519	-5.381183679764686
45.55154539026795	-5.398690351854547
46.21410787489121	-5.416172419316419
46.88630755277036	-5.4336312830248765
47.56828460010916	-5.451068312046289
48.260181232021196	-5.468484652810153
48.962141732186545	-5.4858810226389005
49.674312482939705	-5.503257645078003
50.39684199579528	-5.520614286343631
51.129880942417586	-5.537950387567509
51.873582186040764	-5.555265182490944
52.628100813345895	-5.572557774163875
53.393594166801776	-5.5898271815956555
54.17022187747612	-5.607072358825127
54.95814589832399	-5.624292186234171
55.75753053796041	-5.641485485280806
56.56854249492426	-5.658651249456689
57.39135089244048	-5.675789008421728
58.226127313687975	-5.692898999037032
59.073045837580466	-5.709982182406845
59.932283075067765	-5.72704021343523
60.804018205965114	-5.744075381106018
61.68843301631817	-5.761090493023705
62.58571193631152	-5.778088627560629
63.49604207872855	-5.795072810814472
64.41961327797075	-5.812045700865124
65.35661812964459	-5.829009504397411
66.3072520307241	-5.845966102572849
67.27171322029778	-5.862917179692003
68.25020282090806	-5.879864302059075
69.2429248804921	-5.896808943386694
70.25008641493265	-5.913752430665292
71.27189745122783	-5.930695668208248
72.30857107128878	-5.9476384869693435
73.36032345637442	-5.964578841879869
74.42737393217246	-5.981511957690794
75.50994501453623	-5.998429593395697
76.60826245588666	-6.015319571408618
77.72255529228926	-6.032165515655918
78.85305589121582	-6.048946768510054
80.00000000000082	-6.065638335909752
81.16362679500274	-6.082210839972316
82.34417893148023	-6.09863041515202
83.541902594194	-6.114858301725168
84.75704754874454	-6.130850445448263
85.98986719365665	-6.146557241668359
87.24061861322157	-6.16192347991877
88.50956263110764	-6.176888553557509
89.79696386475084	-6.191387007922613
91.10309078053635	-6.205349509472858
92.42821574978288	-6.218704327028702
93.77261510554118	-6.231379423972122
95.13656920021877	-6.243305266402166
96.52036246404286	-6.2544184440358395
97.92428346437356	-6.264666067549817
99.34862496587989	-6.27401059991226
100.79368399159105	-6.282434731421901
102.25976188483567	-6.289945004429861
103.74716437208203	-6.29657217897728
105.25620162669229	-6.302368629644994
106.78718833360406	-6.307404184951353
108.34044375495276	-6.311760962587111
109.9162917966485	-6.315528442808075
111.51506107592134	-6.318799082879745
113.13708498984903	-6.321664625897881
114.78270178488147	-6.3242131128925285
116.45225462737648	-6.326526878053777
118.14609167516147	-6.32868118166128
119.86456615013608	-6.330743339637385
121.60803641193078	-6.332772034489417
123.3768660326369	-6.334816891015289
125.17142387262359	-6.3369179261696
126.99208415745765	-6.339105087284921
128.83922655594208	-6.341398127922132
130.71323625928977	-6.3438077519257074
132.61450406144883	-6.346336827010672
134.5434264405962	-6.348981329023098
136.50040564181674	-6.351731250425878
138.48584976098482	-6.354571746484538
140.50017282986593	-6.357484132615826
142.5437949024563	-6.360446823959986
144.61714214257822	-6.363436200165924
146.7206469127495	-6.366427631001251
148.8547478643456	-6.369396300046999
151.01989002907314	-6.37231802512759
153.216524911774	-6.3751699443520495
155.4451105845792	-6.377931182387182
157.70611178243232	-6.380583536161654
160.00000000000236	-6.383111945568625
162.3272535900062	-6.385504699488609
164.6883578629612	-6.387753389048756
167.08380518838874	-6.389852614371906
169.51409509748981	-6.391799577354219
171.97973438731407	-6.393593976870075
174.4812372264439	-6.395237880627523
177.01912526221608	-6.39673537342627
179.5939277295025	-6.398092076089273
182.20618156107355	-6.399314952403475
184.85643149956664	-6.400412250218294
187.54523021108326	-6.401393798022167
190.27313840043846	-6.402271422880881
193.04072492808663	-6.403059772420584
195.84856692874806	-6.403776994760841
198.69724993176072	-6.404445084754646
201.58736798318304	-6.405090154339787
204.5195237696723	-6.405742916885665
207.49432874416505	-6.40643920692709
210.5124032533856	-6.4072202683681825
213.57437666720915	-6.408132367726604
216.68088750990657	-6.409225724080412
219.83258359329807	-6.4105534214346624
223.03012215184378	-6.4121704021338735
226.2741699796992	-6.414132522860449
229.5654035697641	-6.416495303085118
232.90450925475412	-6.419311959651637
236.2921833503241	-6.422630722196193
239.72913230027333	-6.426492846443184
243.21607282386276	-6.430929983506708
246.75373206527502	-6.435960733740434
250.34284774524843	-6.441586523981308
253.9841683149166	-6.447789498544979
257.67845311188546	-6.454530898831966
261.42647251858085	-6.461752248537919
265.22900812289896	-6.46937672838625
269.08685288119375	-6.477312692155992
273.0008112836349	-6.485457293885967
276.97169952197106	-6.493699933564618
281.00034565973334	-6.50192495210293
285.0875898049141	-6.510013663150741
289.23428428515797	-6.5178463353482305
293.44129382550057	-6.5253047900066
297.7094957286928	-6.53227530459428
302.0397800581479	-6.538651460403437
306.4330498235497	-6.544337538561242
310.89022116916016	-6.5492524719392256
315.41222356486645	-6.553333879333785
320.00000000000654	-6.556540588658355
324.6545071800142	-6.558854076298654
329.3767157259242	-6.560276171966473
334.16761037677935	-6.560826655281922
339.02819019498156	-6.5605397783322585
343.95946877463007	-6.559461211992281
348.9624744528898	-6.557644696558865
354.03825052443415	-6.55514916399292
359.187855459007	-6.55203613047528
364.4123631221491	-6.5483675073449525
369.71286299913527	-6.544203177253186
375.0904604221685	-6.539598436031877
380.54627680087896	-6.534600531099067
386.08144985617537	-6.529245145083148
391.6971338574982	-6.523553757890996
397.3944998635236	-6.5175310262526835
403.1747359663683	-6.511161693265913
409.0390475393468	-6.5044076698188364
414.9886574883323	-6.497207728153384
421.0248065067734	-6.489479732259789
427.1487533344206	-6.481123350295297
433.3617750198154	-6.47202287933121
439.6651671865984	-6.462049819307401
446.06024430368984	-6.45106496096125
452.54833995940066	-6.438921148464684
459.13080713953053	-6.425467073561538
465.8090185095106	-6.410551627244118
472.58436670065066	-6.394028485810393
479.45826460054917	-6.375762752190084
486.432145647728	-6.35564053248841
493.50746413055253	-6.333580098094631
500.6856954904994	-6.309544087774397
507.9683366298358	-6.283546421832787
515.3569062237735	-6.255656559548431
522.8529450371643	-6.225992261114669
530.4580162458005	-6.194711556746635
538.1737057623901	-6.162001076382177
546.0016225672724	-6.1280660654008035
553.9433990439449	-6.093122016939117
562.0006913194694	-6.057388871301494
570.1751796098309	-6.021088269215503
578.4685685703187	-5.984441250258267
586.8825876510039	-5.947664652961821
595.4189914573883	-5.9109657868837475
604.0795601162986	-5.874538614270662
612.8660996471021	-5.8385576329348154
621.780442338323	-5.8031702154338225
630.8244471297356	-5.768489464291223
640.0000000000159	-5.73459244009193
649.3090143600314	-5.701521157795785
658.7534314518515	-5.669292022867234
668.3352207535618	-5.637902090490926
678.0563803899662	-5.607339242033566
687.9189375492632	-5.577589218715475
697.9249489057827	-5.548646522881068
708.0765010488715	-5.520522303276962
718.3757109180171	-5.493249967390867
728.8247262443015	-5.466885543935935
739.425725998274	-5.441507877247254
750.1809208443404	-5.417213301092951
761.0925536017613	-5.394107393689479
772.1628997123541	-5.372289429556146
783.3942677149998	-5.351837918387399
794.7889997270506	-5.332787139399967
806.34947193274	-5.315106849141871
818.0780950786972	-5.2986815141745405
829.9773149766683	-5.283306080822145
842.0496130135506	-5.268697454284121
854.2975066688449	-5.254509530507401
866.7235500396347	-5.240351853848447
879.3303343732008	-5.225802702455348
892.1204886073838	-5.210416642928176
905.0966799188055	-5.193729282540989
918.2616142790653	-5.175261963027445
931.6180370190256	-5.154528540884135
945.1687334013056	-5.131045309651929
958.9165292011028	-5.104343965368932
972.8642912954606	-5.073989912468622
987.0149282611097	-5.039606775558953
1001.3713909810035	-5.000911857042068
1015.9366732596762	-4.9577426226285235
1030.7138124475518	-4.910079333855423
1045.7058900743334	-4.858021209873621
1060.916032491606	-4.801767845783327
1076.3474115247852	-4.741578116444062
1092.0032451345498	-4.677745097848593
1107.8867980878947	-4.610576150948866
1124.0013826389438	-4.540388053621525
1140.350359219667	-4.467498355027396
1156.9371371406426	-4.392225520782044
1173.765175302013	-4.314889728839217
1190.837982914782	-4.235812222186768
1208.1591202326028	-4.1553050129650515
1225.73219929421	-4.073645927958499
1243.5608846766518	-3.9910420948558545
1261.648894259477	-3.907595213524309
1280.0000000000375	-3.8232805478488907
1298.6180287200684	-3.7379506203752957
1317.5068629037087	-3.6513555869980134
1336.6704415071292	-3.563175827465397
1356.112760779938	-3.473052330281888
1375.8378750985323	-3.3806074759416855
1395.8498978115715	-3.285461473557727
1416.153002097749	-3.1872279786868405
1436.7514218360407	-3.0855045014840043
1457.6494524886093	-2.9798448529206496
1478.8514519965543	-2.8697423032758484
1500.3618416886875	-2.7546252805909597
1522.1851072035295	-2.6338665307594114
1544.3257994247153	-2.5068328242605067
1566.788535430007	-2.37292867233406
1589.5779994541087	-2.2316900260994665
1612.6989438654878	-2.0828464326021776
1636.156190157402	-1.9263926018739879
1659.9546299533442	-1.7625894187921594
1684.099226027109	-1.5919020097174652
1708.5950133376978	-1.4149249362288476
1733.4471000792773	-1.2322813523537204
1758.6606687464096	-1.0445469054437504
1784.2409772147755	-0.8521833473771343
1810.193359837619	-0.6554942616436876
1836.5232285581387	-0.4545888524878603
1863.2360740380593	-0.24937045795785984
1890.3374668026197	-0.0395536990031535
1917.833058402214	0.17527910436499244
1945.7285825909298	0.3955713742022978
1974.0298565222283	0.6216267103873466
2002.7427819620161	0.8533976414070534
2031.8733465193618	1.090327552867494
2061.4276248951132	1.3312567591629272
2091.411780148677	1.574550708716931
2121.832064983222	1.8182736329172111
2152.694823049581	2.0603490746070436
2184.0064902691106	2.298731038238435
2215.7735961758003	2.531386369007022
2248.002765277899	2.756307694591368
2280.7007184393456	2.971371579749671
2313.874274281297	3.174277417353389
2347.530350604038	3.3624294701565685
2381.6759658295764	3.5329615020159086
2416.318240465218	3.6828822875143366
2451.4643985884327	3.809289208738126
2487.1217693533167	3.9098927918713673
2523.2977885189675	3.98345171114626
2560.0000000000887	4.030210463261466
2597.236057440151	4.051628963401874
2635.0137258074315	4.049953595961068
2673.340883014273	4.027864009680204
2712.225521559891	3.9880173207650893
2751.6757501970797	3.9327450382420497
2791.699795623158	3.8640117648830663
2832.3060041955137	3.783354891972205
2873.502843672097	3.6920694002795
2915.2989049772345	3.591184052879407
2957.7029039931244	3.4815950711220025
3000.723683377391	3.364239246622832
3044.370214407075	3.2400634490037485
3088.6515988494466	3.1101546889884513
3133.57707086003	2.975590201024075
3179.1559989082334	2.8372730553686334
3225.3978877309914	2.6957896937627424
3272.3123803148205	2.551391860185509
3319.9092599067053	2.404093209010074
3368.198452054235	2.25379474472273
3417.190026675413	2.1004054849533165
3466.8942001585724	1.943928019829159
3517.3213374928373	1.7844652414818554
3568.4819544295697	1.6222166014452468
3620.386719675257	1.4574429425302597
3673.0464571162966	1.2904633675725343
3726.472148076138	1.1216709851706763
3780.6749336052594	0.9515304637420341
3835.6661168044484	0.7805361347617688
3891.45716518188	0.6092027326373404
3948.059713044477	0.43804793105631706
4005.4855639240527	0.2675659968414101
4063.746693038744	0.09818368235738886
4122.855249790247	-0.06988000486967796
4182.823560297375	-0.23651009932390304
4243.664129966465	-0.40170882949136694
4305.389646099183	-0.5654212413507627
4368.012980538242	-0.7275645196772945
4431.5471923516225	-0.8879701978727834
4496.00553055582	-1.046490804892696
4561.401436878714	-1.2029357885930958
4627.748548562617	-1.3572452239029444
4695.060701208099	-1.5094767220770013
4763.351931659176	-1.6599308430805904
4832.63648093046	-1.8090519058571213
4902.928797176889	-1.9574320461194283
4974.243538706657	-2.1055545168058436
5046.595577037959	-2.253534615938156
5120.000000000202	-2.4009031281528026
5194.472114880326	-2.5465846236893324
5270.027451614888	-2.689146824489746
5346.6817660285715	-2.8270180190848815
5424.451043119808	-2.9588265339031072
5503.351500394186	-3.0834281825103136
5583.399591246343	-3.1999913256539014
5664.612008391055	-3.3078910752218222
5747.005687344222	-3.4068462067761427
5830.597809954497	-3.4960532235512516
5915.405807986278	-3.5739901659744002
6001.447366754812	-3.638305743682108
6088.740428814181	-3.6852918870614664
6177.303197698925	-3.711315593313978
6267.154141720092	-3.7130364628244767
6358.3119978165005	-3.688974811755483
6450.795775462017	-3.6405322121774053
6544.624760629676	-3.570701316504997
6639.818519813445	-3.483029206716269
6736.396904108505	-3.3811158906568695
6834.380053350861	-3.2676970251939492
6933.788400317181	-3.144705483295296
7034.642674985712	-3.0132287349950166
7136.963908859177	-2.87397433626275
7240.773439350552	-2.7274105505530195
7346.092914232631	-2.5744116600912434
7452.944296152315	-2.4170881558379014
7561.349867210557	-2.2601771550669407
7671.332233608935	-2.1124986007484616
7782.914330363799	-1.988112549862378
7896.119426088994	-1.904271121866596
8010.971127848146	-1.8779184610658237
8127.49338607753	-1.921174030094207
8245.710499580537	-2.029577205652089
8365.647120594791	-2.1937146982220317
8487.328259932974	-2.3986157242037716
8610.77929219841	-2.6324142991744104
8736.025961076528	-2.8866890090976396
8863.094384703289	-3.157286823041301
8992.011061111683	-3.4418337035724478
9122.802873757471	-3.739534679402559
9255.497097125279	-4.049412618431962
9390.121402416245	-4.370424291569232
9526.7038633184	-4.699550081868849
9665.272961860968	-5.030646274780905
9805.857594353829	-5.353373356586604
9948.487077413367	-5.6560898831721165
10093.19115407597	-5.930935451788716
10240.000000000457	-6.179584325945248
10388.944229760706	-6.409397081887738
10540.05490322983	-6.62856597518429
10693.363532057198	-6.843588317960654
10848.902086239672	-7.058028212230287
11006.703000788428	-7.273136706847102
11166.799182492743	-7.489040341888682
11329.224016782166	-7.705360686013863
11494.0113746885	-7.9217586571844
11661.195619909053	-8.137769299651174
11830.811615972614	-8.353370713007982
12002.894733509682	-8.56846435029474
12177.48085762842	-8.782972898401667
12354.606395397908	-8.996000142846096
12534.308283440243	-9.207037632985603
12716.62399563306	-9.415665062460683
12901.591550924093	-9.622271835572153
13089.249521259411	-9.82758328522845
13279.637039626952	-10.03205371747273
13472.793808217073	-10.235762225395156
13668.760106701786	-10.438793080094282
13867.576800634426	-10.641125371809242
14069.285349971487	-10.843095464916383
14273.927817718419	-11.044934682200237
14481.54687870117	-11.246712013553298
14692.18582846533	-11.447766852233084
14905.888592304698	-11.648320771421139
15122.699734421185	-11.847644166932392
15342.664467217943	-12.043993590461646
15565.828660727671	-12.233519388421065
15792.238852178061	-12.41136444971228
16021.942255696367	-12.573004490015174
16254.986772155136	-12.712324785202066
16491.42099916115	-12.832919667777118
16731.294241189662	-12.93516613139908
16974.65651986603	-13.025062346526692
17221.558584396902	-13.1051649649437
17472.051922153143	-13.178600022255447
17726.188769406665	-13.246412187647532
17984.022122223458	-13.310362723167238
18245.605747515034	-13.369006067701749
18510.99419425065	-13.417134328978232
18780.242804832582	-13.448377885244284
19053.40772663689	-13.470758014902696
19330.545923722028	-13.491027838657274
19611.71518870775	-13.511458130815585
19896.974154826825	-13.53221775191482
20186.382308152035	-13.553081590029036