20	3.32
20.290906698750476	3.3010000206364976
20.586044732869844	3.2800000198405943
20.885475648548283	3.2590000257292147
21.189261887185914	3.2390000074004592
21.49746679841394	3.2180000130342274
21.810154653305165	3.1970000220952803
22.12739065777668	3.1760000236474206
22.449240966187475	3.1550000023029345
22.77577269513385	3.13400002046631
23.107053937445478	3.1140000037629267
23.44315377638505	3.0940000119327067
23.784142300054445	3.0729999825904004
24.130090616010463	3.0520000243312744
24.481070866093134	3.032000008363287
24.837156241469714	3.0119999865835996
25.1984209978975	2.9920000001159783
25.56494047120865	2.970999974564322
25.936791093020236	2.9509999945558496
26.3140504066728	2.9299999786728343
26.69679708340074	2.909999995688904
27.08511093873791	2.8900000031439355
27.47907294916184	2.8700000025715844
27.878765268980047	2.8489999866855404
28.284271247461966	2.828999987926329
28.695675446220072	2.808999978541025
29.11306365684382	2.78800001802222
29.536522918790062	2.7680000038217516
29.966141537533712	2.7480000214516918
30.402009102982383	2.7279999953254848
30.844216508158908	2.708000022164789
31.29285596815558	2.68700000141449
31.74802103936409	2.6669999982889565
32.20980663898519	2.6470000155793154
32.67830906482211	2.6269999972625913
33.153626015361866	2.6069999993605752
33.63585661014871	2.58700001611049
34.125101410453844	2.5659999850614286
34.62146244024586	2.5459999842068672
35.12504320746613	2.5259999918490816
35.635948725613716	2.5060000107025364
36.15428553564419	2.487000016067428
36.68016172818701	2.466000010300317
37.21368696608603	2.446000001266742
37.754972507267915	2.426000019954543
38.30413122794313	2.4059999917878456
38.86127764614443	2.386000012656729
39.4265279456077	2.366000001917612
40.000000000000206	2.345999999999993
40.58181339750116	2.325999987834618
41.1720894657399	2.305999985950531
41.77095129709678	2.285999990184784
42.37852377437204	2.2660000074004767
42.9949335968281	2.2470000117307984
43.62030930661056	2.2269999902999276
44.25478131555359	2.2069999901601367
44.89848193237519	2.1870000020935696
45.55154539026795	2.1669999881767796
46.21410787489121	2.1470000037629307
46.88630755277036	2.1270000132585554
47.56828460010916	2.1070000116851983
48.260181232021196	2.0869999940288446
48.962141732186545	2.0670000083632782
49.674312482939705	2.0479999865835548
50.39684199579528	2.0280000001159704
51.129880942417586	2.0080000015654074
51.873582186040764	1.9879999950507647
52.628100813345895	1.9680000049298403
53.393594166801776	1.9479999961200065
54.17022187747612	1.9290000031439274
54.95814589832399	1.9090000025715763
55.75753053796041	1.8900000103664498
56.56854249492426	1.8699999879262914
57.39135089244048	1.8500000026050407
58.226127313687975	1.829999993308878
59.073045837580466	1.811000003821744
59.932283075067765	1.7909999982714988
60.804018205965114	1.771999995325466
61.68843301631817	1.7519999996349567
62.58571193631152	1.7320000014144854
63.49604207872855	1.7119999984600571
64.41961327797075	1.6929999940453255
65.35661812964459	1.6739999972625776
66.3072520307241	1.6549999993605675
67.27171322029778	1.6349999954808765
68.25020282090806	1.616000003282671
69.2429248804921	1.5960000023990202
70.25008641493265	1.5769999918490583
71.27189745122783	1.5579999912631648
72.30857107128878	1.5389999986394698
73.36032345637442	1.5189999922735706
74.42737393217246	1.5000000012667367
75.50994501453623	1.480999999760907
76.60826245588666	1.4619999926090543
77.72255529228926	1.443999994810297
78.85305589121582	1.4250000017258473
80.00000000000082	1.405999999999987
81.16362679500274	1.3870000035107442
82.34417893148023	1.3690000011566332
83.541902594194	1.351000006076719
84.75704754874454	1.3330000066604224
85.98986719365665	1.3149999968921353
87.24061861322157	1.2960000055462353
88.50956263110764	1.2780000052139198
89.79696386475084	1.2610000018842034
91.10309078053635	1.2430000030135944
92.42821574978288	1.2260000030103346
93.77261510554118	1.2079999986021344
95.13656920021877	1.190999997386174
96.52036246404286	1.1729999946923084
97.92428346437356	1.1559999941102563
99.34862496587989	1.138000000429639
100.79368399159105	1.121000000104367
102.25976188483567	1.1040000012523221
103.74716437208203	1.0859999955456765
105.25620162669229	1.0680000044368445
106.78718833360406	1.0499999965511118
108.34044375495276	1.0330000028295285
109.9162917966485	1.0150000023144097
111.51506107592134	0.9969999991544295
113.13708498984903	0.9790000001122425
114.78270178488147	0.9610000023445338
116.45225462737648	0.9440000040029263
118.14609167516147	0.9260000034395639
119.86456615013608	0.9089999984443433
121.60803641193078	0.8919999962603677
123.3768660326369	0.8759999997079604
125.17142387262359	0.8600000011315835
126.99208415745765	0.8439999986311556
128.83922655594208	0.8280000038326036
130.71323625928977	0.8139999978100572
132.61450406144883	0.7989999995523922
134.5434264405962	0.7849999968366091
136.50040564181674	0.7700000029179245
138.48584976098482	0.756000001919211
140.50017282986593	0.7430000011782161
142.5437949024563	0.7300000005707089
144.61714214257822	0.7159999990476246
146.7206469127495	0.7030000004959533
148.8547478643456	0.6900000007600374
151.01989002907314	0.6759999998406009
153.216524911774	0.6630000005602753
155.4451105845792	0.6510000022288198
157.70611178243232	0.6380000011505612
160.00000000000236	0.6259999999999878
162.3272535900062	0.6130000024575166
164.6883578629612	0.6010000008096389
167.08380518838874	0.5899999990664259
169.51409509748981	0.5789999995238084
171.97973438731407	0.5669999981352775
174.4812372264439	0.5559999991045139
177.01912526221608	0.5459999989779176
179.5939277295025	0.5350000012561328
182.20618156107355	0.5250000020090574
184.85643149956664	0.5159999981353136
187.54523021108326	0.5059999992234047
190.27313840043846	0.49699999854787114
193.04072492808663	0.4870000002589068
195.84856692874806	0.4780000002528478
198.69724993176072	0.47000000019094795
201.58736798318304	0.4620000000463828
204.5195237696723	0.4540000004696185
207.49432874416505	0.44600000068552986
210.5124032533856	0.43799999950168683
213.57437666720915	0.43100000086635293
216.68088750990657	0.4250000009431748
219.83258359329807	0.4190000007714684
223.03012215184378	0.41399999971814105
226.2741699796992	0.40900000002494136
229.5654035697641	0.40500000052100615
232.90450925475412	0.4009999998490545
236.2921833503241	0.39799999979540385
239.72913230027333	0.39599999965429716
243.21607282386276	0.394
246.75373206527502	0.3909999999634944
250.34284774524843	0.3890000001414472
253.9841683149166	0.387
257.67845311188546	0.3859999999400799
261.42647251858085	0.38400000025596837
265.22900812289896	0.3829999999360554
269.08685288119375	0.382
273.0008112836349	0.3810000001433747
276.97169952197106	0.382
281.00034565973334	0.3829999998316841
285.0875898049141	0.38499999990488254
289.23428428515797	0.38700000027210885
293.44129382550057	0.3909999998346838
297.7094957286928	0.3949999997466557
302.0397800581479	0.4010000000797018
306.4330498235497	0.4069999997598842
310.89022116916016	0.41400000030035017
315.41222356486645	0.4219999992329624
320.00000000000654	0.4300000000000141
324.6545071800142	0.4390000003825887
329.3767157259242	0.44899999942169033
334.16761037677935	0.45900000077798203
339.02819019498156	0.47000000039683015
343.95946877463007	0.48099999945354727
348.9624744528898	0.49100000107458813
354.03825052443415	0.5029999988797259
359.187855459007	0.5130000010580976
364.4123631221491	0.5230000002312832
369.71286299913527	0.5329999999983744
375.0904604221685	0.5440000009319185
380.54627680087896	0.5569999994908797
386.08144985617537	0.5719999996375358
391.6971338574982	0.5869999996460185
397.3944998635236	0.6039999996181099
403.1747359663683	0.6209999998956457
409.0390475393468	0.6389999985911513
414.9886574883323	0.6580000016238885
421.0248065067734	0.6769999985344729
427.1487533344206	0.6970000010804155
433.3617750198154	0.7170000000694099
439.6651671865984	0.7390000005856833
446.06024430368984	0.7600000009395365
452.54833995940066	0.78099999986283
459.13080713953053	0.8020000004613203
465.8090185095106	0.8229999985363599
472.58436670065066	0.8449999991195359
479.45826460054917	0.8669999987261513
486.432145647728	0.8899999987920478
493.50746413055253	0.9130000004015699
500.6856954904994	0.9360000016223013
507.9683366298358	0.9599999987845093
515.3569062237735	0.9830000007190496
522.8529450371643	1.0070000001177077
530.4580162458005	1.0320000007673436
538.1737057623901	1.0559999992635623
546.0016225672724	1.078999998788214
553.9433990439449	1.1040000001313715
562.0006913194694	1.1280000010197946
570.1751796098309	1.153999998763482
578.4685685703187	1.1809999985545356
586.8825876510039	1.206999998925453
595.4189914573883	1.2330000013781062
604.0795601162986	1.2590000003453825
612.8660996471021	1.2839999990395443
621.780442338323	1.3090000009010578
630.8244471297356	1.333000000340572
640.0000000000159	1.3570000000000377
649.3090143600314	1.3790000008417023
658.7534314518515	1.40100000104122
668.3352207535618	1.4219999994874615
678.0563803899662	1.4410000007143
687.9189375492632	1.4589999991803266
697.9249489057827	1.4739999998498847
708.0765010488715	1.4880000000761977
718.3757109180171	1.5019999999048224
728.8247262443015	1.5170000003238007
739.425725998274	1.531999999997404
750.1809208443404	1.5479999997404237
761.0925536017613	1.5649999993454224
772.1628997123541	1.58199999958576
783.3942677149998	1.6009999995448863
794.7889997270506	1.6209999995226434
806.34947193274	1.6419999998724621
818.0780950786972	1.6640000001460273
829.9773149766683	1.685999999957018
842.0496130135506	1.7070000000199868
854.2975066688449	1.7249999995150718
866.7235500396347	1.742000000050485
879.3303343732008	1.7580000004099827
892.1204886073838	1.7729999995106187
905.0966799188055	1.788999999900245
918.2616142790653	1.8050000003774493
931.6180370190256	1.8230000000281823
945.1687334013056	1.8430000005859262
958.9165292011028	1.8650000003472926
972.8642912954606	1.8900000005448383
987.0149282611097	1.9170000005841121
1001.3713909810035	1.9479999999604467
1015.9366732596762	1.9830000006349142
1030.7138124475518	2.019000001078586
1045.7058900743334	2.055000000176573
1060.916032491606	2.0920000012149735
1076.3474115247852	2.1309999987726167
1092.0032451345498	2.173000000374075
1107.8867980878947	2.2170000002518098
1124.0013826389438	2.263999998928402
1140.350359219667	2.3140000007177406
1156.9371371406426	2.368000000486499
1173.765175302013	2.427000001136243
1190.837982914782	2.4929999996618033
1208.1591202326028	2.566000001036173
1225.73219929421	2.646000001457442
1243.5608846766518	2.733999998409737
1261.648894259477	2.8310000014758447
1280.0000000000375	2.9370000000002223
1298.6180287200684	3.0489999982921177
1317.5068629037087	3.1689999993803064
1336.6704415071292	3.2959999967197913
1356.112760779938	3.4299999984661924
1375.8378750985323	3.571000000711576
1395.8498978115715	3.7179999985927163
1416.153002097749	3.8700000007429747
1436.7514218360407	4.026999998746875
1457.6494524886093	4.1890000037931445
1478.8514519965543	4.353999999973118
1500.3618416886875	4.523999997548499
1522.1851072035295	4.696000001605299
1544.3257994247153	4.871000003339787
1566.788535430007	5.0480000033707935
1589.5779994541087	5.227000003587537
1612.6989438654878	5.407999998956569
1636.156190157402	5.592000001234656
1659.9546299533442	5.777999999636667
1684.099226027109	5.966000000213252
1708.5950133376978	6.158000002672957
1733.4471000792773	6.354000000631125
1758.6606687464096	6.554999997975652
1784.2409772147755	6.761000001744206
1810.193359837619	6.971999998678314
1836.5232285581387	7.190999996321296
1863.2360740380593	7.417000000324167
1890.3374668026197	7.649999998287387
1917.833058402214	7.890000003559823
1945.7285825909298	8.137999996347096
1974.0298565222283	8.391999995693848
2002.7427819620161	8.651999999657287
2031.8733465193618	8.914999995659814
2061.4276248951132	9.181999999052303
2091.411780148677	9.449000001294955
2121.832064983222	9.712999999854917
2152.694823049581	9.974000000410015
2184.0064902691106	10.229000002108506
2215.7735961758003	10.473000001291974
2248.002765277899	10.705000001893607
2280.7007184393456	10.923000002738117
2313.874274281297	11.124000001576995
2347.530350604038	11.305999997936818
2381.6759658295764	11.46399999923414
2416.318240465218	11.599000001487878
2451.4643985884327	11.704999998833197
2487.1217693533167	11.784000000548913
2523.2977885189675	11.831999999470034
2560.0000000000887	11.847999999999981
2597.236057440151	11.831999999508882
2635.0137258074315	11.783000000284428
2673.340883014273	11.70099999996095
2712.225521559891	11.588000001353313
2751.6757501970797	11.445999999189532
2791.699795623158	11.277000001632384
2832.3060041955137	11.08699999902834
2873.502843672097	10.880000001665469
2915.2989049772345	10.668000000115056
2957.7029039931244	10.46600000003199
3000.723683377391	10.27699999842063
3044.370214407075	10.096999998431542
3088.6515988494466	9.928000000569133
3133.57707086003	9.770000000484286
3179.1559989082334	9.62400000028487
3225.3978877309914	9.489000000765138
3272.3123803148205	9.364999999216684
3319.9092599067053	9.249000000222647
3368.198452054235	9.138999999880006
3417.190026675413	9.03300000068656
3466.8942001585724	8.929999999684402
3517.3213374928373	8.830999999071867
3568.4819544295697	8.734999999219227
3620.386719675257	8.641000000585997
3673.0464571162966	8.550999999807749
3726.472148076138	8.463999999878759
3780.6749336052594	8.379000000609542
3835.6661168044484	8.297000000283463
3891.45716518188	8.214999999735555
3948.059713044477	8.132999999937814
4005.4855639240527	8.052000000108057
4063.746693038744	7.969999999946056
4122.855249790247	7.886000000304081
4182.823560297375	7.799999999568318
4243.664129966465	7.711000000049429
4305.389646099183	7.616999999847404
4368.012980538242	7.52000000072001
4431.5471923516225	7.41899999943062
4496.00553055582	7.3150000007140825
4561.401436878714	7.210000000195886
4627.748548562617	7.103000000696275
4695.060701208099	6.995999999675824
4763.351931659176	6.88900000053706
4832.63648093046	6.782000000108008
4902.928797176889	6.675999999736125
4974.243538706657	6.57100000042625
5046.595577037959	6.467999999949139
5120.000000000202	6.368999999999739
5194.472114880326	6.27400000015051
5270.027451614888	6.18400000044693
5346.6817660285715	6.0999999999712395
5424.451043119808	6.0229999998933215
5503.351500394186	5.9529999996836995
5583.399591246343	5.88999999982343
5664.612008391055	5.832999999752305
5747.005687344222	5.781999999801626
5830.597809954497	5.736000000023865
5915.405807986278	5.693000000006771
6001.447366754812	5.652000000113576
6088.740428814181	5.611000000084841
6177.303197698925	5.570000000135494
6267.154141720092	5.524000000142786
6358.3119978165005	5.475000000100287
6450.795775462017	5.42599999976279
6544.624760629676	5.375000000212361
6639.818519813445	5.315000000124972
6736.396904108505	5.245999999924426
6834.380053350861	5.1789999997732945
6933.788400317181	5.116999999829558
7034.642674985712	5.065000000007059
7136.963908859177	5.03300000003017
7240.773439350552	5.065000000387501
7346.092914232631	5.2160000005375196
7452.944296152315	5.486000000468166
7561.349867210557	5.843000000856944
7671.332233608935	6.330999998122253
7782.914330363799	6.995000002289947
7896.119426088994	7.677000000430827
8010.971127848146	8.156999999465128
8127.49338607753	8.280999999867044
8245.710499580537	7.962000001541467
8365.647120594791	7.168000003070132
8487.328259932974	5.9440000007233875
8610.77929219841	4.461999997650138
8736.025961076528	3.0499999993109332
8863.094384703289	2.02400000212191
8992.011061111683	1.3729999995577873
9122.802873757471	0.8740000008905657
9255.497097125279	0.49599999986551035
9390.121402416245	0.47300000107663187
9526.7038633184	0.9280000015635308
9665.272961860968	1.6149999993041928
9805.857594353829	2.1650000007021095
9948.487077413367	2.3329999994438047
10093.19115407597	2.011999999640609
10240.000000000457	1.2099999999966835
10388.944229760706	0.08900000186335322
10540.05490322983	-0.9820000011344382
10693.363532057198	-1.5940000000745531
10848.902086239672	-1.6899999997469617
11006.703000788428	-1.463000000384748
11166.799182492743	-0.9939999979844379
11329.224016782166	-0.2740000010396558
11494.0113746885	0.6219999982633984
11661.195619909053	1.540999999509996
11830.811615972614	2.3299999998809473
12002.894733509682	2.8599999987224236
12177.48085762842	3.028999999855792
12354.606395397908	2.7979999989155235
12534.308283440243	2.2569999984974447
12716.62399563306	1.6620000011430942
12901.591550924093	1.271000000131666
13089.249521259411	1.1510000001449532
13279.637039626952	1.356999999402577
13472.793808217073	1.9770000008449056
13668.760106701786	2.6809999990174447
13867.576800634426	2.87
14069.285349971487	2.206000000124791
14273.927817718419	0.8460000020153964
14481.54687870117	-0.7569999976795668
14692.18582846533	-2.233000002657391
14905.888592304698	-3.3500000011537545
15122.699734421185	-4.080000000964705
15342.664467217943	-4.532000000323446
15565.828660727671	-4.836999999659544
15792.238852178061	-5.059000000138481
16021.942255696367	-5.225999999794533
16254.986772155136	-5.351000000067169
16491.42099916115	-5.446000000049893
16731.294241189662	-5.515000000040672
16974.65651986603	-5.561999999976962
17221.558584396902	-5.593000000038166
17472.051922153143	-5.616000000012096
17726.188769406665	-5.637000000031659
17984.022122223458	-5.6580000000171475
18245.605747515034	-5.6779999999630535
18510.99419425065	-5.699000000020554
18780.242804832582	-5.719999999987609
19053.40772663689	-5.740999999970861
19330.545923722028	-5.761999999978013
19611.71518870775	-5.782999999977216
19896.974154826825	-5.802999999987902
20186.382308152035	-5.8240000000114325