20	4.235
20.290906698750476	4.214636463209011
20.586044732869844	4.196837313236765
20.885475648548283	4.180774632077425
21.189261887185914	4.164572750774249
21.49746679841394	4.150370315501127
21.810154653305165	4.135593775898914
22.12739065777668	4.122585897044491
22.449240966187475	4.108866231911103
22.77577269513385	4.095221695250743
23.107053937445478	4.082717828228275
23.44315377638505	4.069751009029185
23.784142300054445	4.056634307997823
24.130090616010463	4.042796358014108
24.481070866093134	4.028304484168621
24.837156241469714	4.013056586391601
25.1984209978975	3.9970710550946125
25.56494047120865	3.9805776602397613
25.936791093020236	3.9641863651148146
26.3140504066728	3.9480578425703206
26.69679708340074	3.931144131246967
27.08511093873791	3.9139785527261814
27.47907294916184	3.897139412509153
27.878765268980047	3.8808493892407983
28.284271247461966	3.8640606076065973
28.695675446220072	3.846781631258757
29.11306365684382	3.8290251990988717
29.536522918790062	3.810466037410817
29.966141537533712	3.792422055423584
30.402009102982383	3.774912939160966
30.844216508158908	3.7558708255803106
31.29285596815558	3.736803621353388
31.74802103936409	3.717583116346708
32.20980663898519	3.6977685078846516
32.67830906482211	3.6775110192774716
33.153626015361866	3.657240455324078
33.63585661014871	3.6362940223737543
34.125101410453844	3.6157457407609384
34.62146244024586	3.595141502390166
35.12504320746613	3.5747481852864227
35.635948725613716	3.553833948426679
36.15428553564419	3.5341371496455207
36.68016172818701	3.5145141777852675
37.21368696608603	3.4948798952887308
37.754972507267915	3.4752580979535317
38.30413122794313	3.4562513117940474
38.86127764614443	3.436758502448434
39.4265279456077	3.4183878447525555
40.000000000000206	3.3989999999999934
40.58181339750116	3.380575847665289
41.1720894657399	3.3609303798234373
41.77095129709678	3.342871433991877
42.37852377437204	3.3238178187799945
42.9949335968281	3.3051519426016323
43.62030930661056	3.286390738847989
44.25478131555359	3.268149156485388
44.89848193237519	3.249045552180585
45.55154539026795	3.2295272766676635
46.21410787489121	3.210576792342571
46.88630755277036	3.1905340448722113
47.56828460010916	3.171049014212575
48.260181232021196	3.151194593039364
48.962141732186545	3.1305102754942764
49.674312482939705	3.109770658080669
50.39684199579528	3.0885907783593587
51.129880942417586	3.0675748151097615
51.873582186040764	3.046326238504209
52.628100813345895	3.0252272404170384
53.393594166801776	3.003684153559641
54.17022187747612	2.9819511076812084
54.95814589832399	2.961219122301494
55.75753053796041	2.9403648313345783
56.56854249492426	2.919217895131969
57.39135089244048	2.898216227688988
58.226127313687975	2.877572944471489
59.073045837580466	2.8571738540604885
59.932283075067765	2.835692923123306
60.804018205965114	2.8149081325663223
61.68843301631817	2.7944237761411643
62.58571193631152	2.7728393538117935
63.49604207872855	2.7510949901105146
64.41961327797075	2.7293488946066726
65.35661812964459	2.7081544011478194
66.3072520307241	2.6869332032933455
67.27171322029778	2.6650223091534486
68.25020282090806	2.643495537940023
69.2429248804921	2.6218985775096657
70.25008641493265	2.600748185286414
71.27189745122783	2.5792901535242154
72.30857107128878	2.5578285785742243
73.36032345637442	2.5367935308725116
74.42737393217246	2.515452521356551
75.50994501453623	2.4946509846942977
76.60826245588666	2.4744628089771488
77.72255529228926	2.4540624923768233
78.85305589121582	2.4340715720826536
80.00000000000082	2.4139999999999873
81.16362679500274	2.395575863018781
82.34417893148023	2.3765171037596953
83.541902594194	2.3571693046261633
84.75704754874454	2.3394418349973733
85.98986719365665	2.321976846365313
87.24061861322157	2.304591426298256
88.50956263110764	2.287872498251898
89.79696386475084	2.2707071484699886
91.10309078053635	2.2542113307716227
92.42821574978288	2.237883496425373
93.77261510554118	2.2203581485625805
95.13656920021877	2.203179072778098
96.52036246404286	2.18481061513802
97.92428346437356	2.1667780617198753
99.34862496587989	2.1486850221674905
100.79368399159105	2.130475792100907
102.25976188483567	2.112882857381972
103.74716437208203	2.0949273027285717
105.25620162669229	2.0768326167238
106.78718833360406	2.0585537399967513
108.34044375495276	2.0393543791039317
109.9162917966485	2.0189736551360573
111.51506107592134	1.9982349201168397
113.13708498984903	1.9768388920705262
114.78270178488147	1.9540783990768436
116.45225462737648	1.9305363841638552
118.14609167516147	1.9068648123359573
119.86456615013608	1.88174862761234
121.60803641193078	1.8558794454218306
123.3768660326369	1.8290191642828324
125.17142387262359	1.8012572180380226
126.99208415745765	1.7717985973757058
128.83922655594208	1.7410928170729598
130.71323625928977	1.7100377991317695
132.61450406144883	1.6788606829860944
134.5434264405962	1.647305176950461
136.50040564181674	1.6159935097309321
138.48584976098482	1.5844693287047353
140.50017282986593	1.5536641318286328
142.5437949024563	1.5236910080973074
144.61714214257822	1.4935514389326159
146.7206469127495	1.464599201986607
148.8547478643456	1.436117328190638
151.01989002907314	1.407945407627864
153.216524911774	1.380401701058712
155.4451105845792	1.354014761452713
157.70611178243232	1.3287739927497308
160.00000000000236	1.3039999999999765
162.3272535900062	1.280727464099938
164.6883578629612	1.2579917645155725
167.08380518838874	1.2366625143421792
169.51409509748981	1.2160816011810855
171.97973438731407	1.1961621249014873
174.4812372264439	1.1777350919696037
177.01912526221608	1.1594622981120442
179.5939277295025	1.142598862531184
182.20618156107355	1.1249979653846998
184.85643149956664	1.1088614110026003
187.54523021108326	1.0917286187335005
190.27313840043846	1.0753611695973693
193.04072492808663	1.0587556504314803
195.84856692874806	1.0419085984275116
198.69724993176072	1.0248165004094356
201.58736798318304	1.0069466694398408
204.5195237696723	0.9883763494587421
207.49432874416505	0.9695359179536214
210.5124032533856	0.949917311644096
213.57437666720915	0.9297665516631406
216.68088750990657	0.9089040093081306
219.83258359329807	0.8890044984402116
223.03012215184378	0.8690617365509763
226.2741699796992	0.8493549801218048
229.5654035697641	0.83046271310467
232.90450925475412	0.8125092839746447
236.2921833503241	0.7956121290859606
239.72913230027333	0.7792866215737017
243.21607282386276	0.7651897269105147
246.75373206527502	0.7519235047552187
250.34284774524843	0.7400571687005668
253.9841683149166	0.7300435371339794
257.67845311188546	0.7217234804982577
261.42647251858085	0.7158602912221287
265.22900812289896	0.7118282439078257
269.08685288119375	0.7089710490396021
273.0008112836349	0.708
276.97169952197106	0.7082429248804927
281.00034565973334	0.70960020739584
285.0875898049141	0.7120700718439312
289.23428428515797	0.7153874274281263
293.44129382550057	0.7194412938255006
297.7094957286928	0.7242513948744314
302.0397800581479	0.7300596700872218
306.4330498235497	0.7362440664313996
310.89022116916016	0.7418627764614502
315.41222356486645	0.7474946682778397
320.00000000000654	0.7530000000000079
324.6545071800142	0.7585854086160171
329.3767157259242	0.7651274020162939
334.16761037677935	0.7710011324521352
339.02819019498156	0.776833828233978
343.95946877463007	0.7827513625295561
348.9624744528898	0.7887549693434678
354.03825052443415	0.794845900629321
359.187855459007	0.8010254265508084
364.4123631221491	0.807294835746579
369.71286299913527	0.8127128629991353
375.0904604221685	0.8180775375047158
380.54627680087896	0.8227539515436105
386.08144985617537	0.8264488699137051
391.6971338574982	0.829348566928749
397.3944998635236	0.8314788999727046
403.1747359663683	0.8325291226610614
409.0390475393468	0.8324934920767755
414.9886574883323	0.8305056712558339
421.0248065067734	0.8259751934932266
427.1487533344206	0.8191349955541058
433.3617750198154	0.8096700791303384
439.6651671865984	0.7972889274572892
446.06024430368984	0.7828493892407754
452.54833995940066	0.7658646481136782
459.13080713953053	0.7466075785814084
465.8090185095106	0.7259381080532163
472.58436670065066	0.7026272617833904
479.45826460054917	0.6780776264266101
486.432145647728	0.6521578465386335
493.50746413055253	0.6267590566765981
500.6856954904994	0.600600065783252
507.9683366298358	0.5751108217955747
515.3569062237735	0.5487763215184908
522.8529450371643	0.5230146923699249
530.4580162458005	0.4963396911089731
538.1737057623901	0.46837962227717816
546.0016225672724	0.44042277654545564
553.9433990439449	0.4117122535852068
562.0006913194694	0.3811973038540693
570.1751796098309	0.34929928156067624
578.4685685703187	0.3161257257187253
586.8825876510039	0.28246964939598457
595.4189914573883	0.24669833673323033
604.0795601162986	0.2091519244911937
612.8660996471021	0.17045013013426194
621.780442338323	0.1300036921676661
630.8244471297356	0.0879602090642954
640.0000000000159	0.0429999999999236
649.3090143600314	-0.001683268928150572
658.7534314518515	-0.04789181411407234
668.3352207535618	-0.09317553754174032
678.0563803899662	-0.1388649878328411
687.9189375492632	-0.18442711272661075
697.9249489057827	-0.22886977518544382
708.0765010488715	-0.27192130440526024
718.3757109180171	-0.3135028436720686
728.8247262443015	-0.35353395972834556
739.425725998274	-0.3919326135937862
750.1809208443404	-0.4285578392700497
761.0925536017613	-0.46220204027209744
772.1628997123541	-0.49470693762072754
783.3942677149998	-0.5262456644415381
794.7889997270506	-0.5571039992721349
806.34947193274	-0.5879319251539733
818.0780950786972	-0.6188965563596696
829.9773149766683	-0.6492518522502604
842.0496130135506	-0.6781116292804888
854.2975066688449	-0.7042368877819527
866.7235500396347	-0.7269937000670741
879.3303343732008	-0.7466294346851611
892.1204886073838	-0.7611204886073838
905.0966799188055	-0.772397786612537
918.2616142790653	-0.7789266505474047
931.6180370190256	-0.7804909202293058
945.1687334013056	-0.777013027749456
958.9165292011028	-0.7690556471992648
972.8642912954606	-0.7536285645594332
987.0149282611097	-0.7315912697320535
1001.3713909810035	-0.6989772531223897
1015.9366732596762	-0.6557528660331224
1030.7138124475518	-0.6041957368131892
1045.7058900743334	-0.5447499671840831
1060.916032491606	-0.4799694570369333
1076.3474115247852	-0.41171207955100225
1092.0032451345498	-0.33848458561088823
1107.8867980878947	-0.26270078085251897
1124.0013826389438	-0.1829930868052809
1140.350359219667	-0.10085647736505333
1156.9371371406426	-0.01536834105033593
1173.765175302013	0.07104652342281637
1190.837982914782	0.15927414205752222
1208.1591202326028	0.24894982403677157
1225.73219929421	0.337388034599897
1243.5608846766518	0.4249507951577082
1261.648894259477	0.508584913593594
1280.0000000000375	0.5900000000001597
1298.6180287200684	0.6692596079797198
1317.5068629037087	0.7495288241955764
1336.6704415071292	0.8291823322545863
1356.112760779938	0.9082566811587492
1375.8378750985323	0.9881433941490558
1395.8498978115715	1.068399591246286
1416.153002097749	1.1501504417942547
1436.7514218360407	1.2330056873441626
1457.6494524886093	1.3169037880539816
1478.8514519965543	1.4027139241459414
1500.3618416886875	1.4904907877573925
1522.1851072035295	1.5804026416785415
1544.3257994247153	1.6731683575838046
1566.788535430007	1.7681833902232296
1589.5779994541087	1.866560077619914
1612.6989438654878	1.9683833107627657
1636.156190157402	2.0743184747240497
1659.9546299533442	2.184587668181651
1684.099226027109	2.299040253971207
1708.5950133376978	2.4186312661549807
1733.4471000792773	2.5429112684027286
1758.6606687464096	2.6720354774813297
1784.2409772147755	2.806531637871197
1810.193359837619	2.9464518775166475
1836.5232285581387	3.0919910090679026
1863.2360740380593	3.244769229420744
1890.3374668026197	3.4037978034715084
1917.833058402214	3.5701383174215495
1945.7285825909298	3.7458337852783137
1974.0298565222283	3.9344806358293742
2002.7427819620161	4.141027995042124
2031.8733465193618	4.365111661922851
2061.4276248951132	4.603801699132935
2091.411780148677	4.851764834572307
2121.832064983222	5.105206139360744
2152.694823049581	5.360414919582803
2184.0064902691106	5.617452571179796
2215.7735961758003	5.872794429502007
2248.002765277899	6.128421569167612
2280.7007184393456	6.380612078909737
2313.874274281297	6.627744678062844
2347.530350604038	6.869881144268537
2381.6759658295764	7.103770870203902
2416.318240465218	7.330892797628555
2451.4643985884327	7.544103341707042
2487.1217693533167	7.744316103217689
2523.2977885189675	7.92424694017807
2560.0000000000887	8.088000000000372
2597.236057440151	8.236635215400566
2635.0137258074315	8.372045752691438
2673.340883014273	8.492606171118176
2712.225521559891	8.602268057493042
2751.6757501970797	8.697438012963138
2791.699795623158	8.779607096355736
2832.3060041955137	8.846397366545002
2873.502843672097	8.90079324178619
2915.2989049772345	8.942015211583609
2957.7029039931244	8.969156813118076
3000.723683377391	8.980909539577826
3044.370214407075	8.973814892796463
3088.6515988494466	8.944213561035498
3133.57707086003	8.890223820481456
3179.1559989082334	8.805938642249039
3225.3978877309914	8.695441618635563
3272.3123803148205	8.56172411623665
3319.9092599067053	8.410503071911604
3368.198452054235	8.245213510686924
3417.190026675413	8.067365499700447
3466.8942001585724	7.878450503384739
3517.3213374928373	7.6807146500286505
3568.4819544295697	7.474593625927356
3620.386719675257	7.260783511757425
3673.0464571162966	7.039743950969228
3726.472148076138	6.812699206234129
3780.6749336052594	6.580097785497384
3835.6661168044484	6.3442623424130495
3891.45716518188	6.108148120800878
3948.059713044477	5.8711249516262525
4005.4855639240527	5.642063431023199
4063.746693038744	5.4203870152925635
4122.855249790247	5.206054213230638
4182.823560297375	4.997440231564603
4243.664129966465	4.7914514456849675
4305.389646099183	4.588137328641017
4368.012980538242	4.386391579268654
4431.5471923516225	4.187445212499924
4496.00553055582	3.991116557314013
4561.401436878714	3.7980987107214257
4627.748548562617	3.6073040640246736
4695.060701208099	3.4203361067381324
4763.351931659176	3.237284977686141
4832.63648093046	3.058408797673851
4902.928797176889	2.8859708867754663
4974.243538706657	2.7188105866198
5046.595577037959	2.55865461994244
5120.000000000202	2.404285714285302
5194.472114880326	2.2572323498736564
5270.027451614888	2.116699900802829
5346.6817660285715	1.9820574756760714
5424.451043119808	1.8526083012048844
5503.351500394186	1.7294484208260303
5583.399591246343	1.6128630875833814
5664.612008391055	1.503712148923808
5747.005687344222	1.4005931751869338
5830.597809954497	1.304260343348688
5915.405807986278	1.2153644824130359
6001.447366754812	1.133787830342845
6088.740428814181	1.0617568365612997
6177.303197698925	1.0027882184248846
6267.154141720092	0.9613171968549653
6358.3119978165005	0.9402532003275249
6450.795775462017	0.937047746527721
6544.624760629676	0.9480324569133416
6639.818519813445	0.9675564447552268
6736.396904108505	0.9914631950682112
6834.380053350861	1.0169388138712239
6933.788400317181	1.0427849840824672
7034.642674985712	1.068314241996571
7136.963908859177	1.0913927817718354
7240.773439350552	1.1105237502960883
7346.092914232631	1.124148362280937
7452.944296152315	1.1305883288845693
7561.349867210557	1.1284212577460508
7671.332233608935	1.114733553278213
7782.914330363799	1.0855810806978357
7896.119426088994	1.0345820731869624
8010.971127848146	0.94975459395565
8127.49338607753	0.8280280323737486
8245.710499580537	0.6707083351735936
8365.647120594791	0.48619175969574624
8487.328259932974	0.2833307624461603
8610.77929219841	0.06352043481118355
8736.025961076528	-0.17166431125961024
8863.094384703289	-0.4195379529986649
8992.011061111683	-0.6808090838530116
9122.802873757471	-0.9539938377275157
9255.497097125279	-1.2380513283131112
9390.121402416245	-1.5334357753560106
9526.7038633184	-1.8368611602720804
9665.272961860968	-2.1480382909635667
9805.857594353829	-2.464894424197476
9948.487077413367	-2.784954472889853
10093.19115407597	-3.104399264606628
10240.000000000457	-3.4240000000009894
10388.944229760706	-3.744594778058655
10540.05490322983	-4.067242012508574
10693.363532057198	-4.393553111508307
10848.902086239672	-4.723013075586507
11006.703000788428	-5.056410089165554
11166.799182492743	-5.394041134538281
11329.224016782166	-5.734652524038203
11494.0113746885	-6.078523697267708
11661.195619909053	-6.4221837281767815
11830.811615972614	-6.766149207084111
12002.894733509682	-7.107668009580753
12177.48085762842	-7.443374480510936
12354.606395397908	-7.760610407063903
12534.308283440243	-8.057004981381162
12716.62399563306	-8.314278714410316
12901.591550924093	-8.519688935183405
13089.249521259411	-8.701985249223428
13279.637039626952	-8.841004001398554
13472.793808217073	-8.924562421095354
13668.760106701786	-8.95734380053351
13867.576800634426	-8.94516040787946
14069.285349971487	-8.896212029843122
14273.927817718419	-8.82595144925001
14481.54687870117	-8.738934842158496
14692.18582846533	-8.641825775592087
14905.888592304698	-8.544538356278277
15122.699734421185	-8.44997531260542
15342.664467217943	-8.36264079180154
15565.828660727671	-8.289147862853715
15792.238852178061	-8.238282981008332
16021.942255696367	-8.222281994592423
16254.986772155136	-8.247376349114818
16491.42099916115	-8.312632195768478
16731.294241189662	-8.406592519511106
16974.65651986603	-8.520936503456229
17221.558584396902	-8.650869166899152
17472.051922153143	-8.793901907160212
17726.188769406665	-8.950237037032132
17984.022122223458	-9.118518512178587
18245.605747515034	-9.298959177280404
18510.99419425065	-9.491267634076488
18780.242804832582	-9.694468416550084
19053.40772663689	-9.906658026776775
19330.545923722028	-10.120570534638965
19611.71518870775	-10.321285163792282
19896.974154826825	-10.471377558550037
20186.382308152035	-10.513